2,4
4294967293,131
4294967293,130
4294967293,129
4294967293,128
4294967293,127
4294967293,126
4294967293,125
4294967293,124
4294967293,123
4294967293,122
4294967293,121
4294967293,120
4294967293,119
4294967293,118
4294967293,117
4294967293,116
4294967293,115
4294967293,114
4294967293,113
4294967293,112
4294967293,111
4294967293,110
4294967293,109
4294967293,108
4294967293,107
4294967293,106
4294967293,105
4294967293,104
4294967293,103
4294967293,102
4294967293,101
4294967293,100
4294967293,99
4294967293,98
4294967293,97
4294967293,96
4294967293,95
4294967293,94
4294967293,93
4294967293,92
4294967293,91
4294967293,90
4294967293,89
4294967293,87
4294967293,86
4294967293,85
4294967293,84
4294967293,83
4294967293,82
4294967293,81
4294967293,80
4294967293,79
4294967293,78
4294967293,77
4294967293,76
4294967293,75
4294967293,74
4294967293,73
4294967293,72
4294967293,71
4294967293,70
4294967293,69
4294967293,68
4294967293,67
4294967293,66
4294967293,65
4294967293,64
4294967293,63
4294967293,62
4294967293,61
4294967293,60
4294967293,59
4294967293,58
4294967293,57
4294967293,56
4294967293,55
4294967293,54
4294967293,53
4294967293,52
4294967293,51
4294967293,50
4294967293,49
4294967293,48
4294967293,47
4294967293,46
4294967293,45
4294967293,44
4294967293,43
4294967293,42
4294967293,41
4294967293,40
4294967293,39
4294967293,38
4294967293,37
4294967293,36
4294967293,35
4294967293,34
4294967293,33
4294967293,32
4294967293,31
4294967293,30
4294967293,29
4294967293,28
4294967293,27
4294967293,26
4294967293,25
4294967293,24
4294967293,23
4294967293,22
4294967293,21
4294967293,20
4294967293,19
4294967293,18
4294967293,17
4294967293,16
4294967293,15
4294967293,14
4294967293,13
4294967293,12
4294967293,11
4294967293,10
4294967293,9
4294967293,8
4294967293,7
4294967293,6
4294967293,5
4294967293,4
4294967293,3
4294967278,343
4294967278,342
4294967278,339
4294967278,338
4294967278,86
4294967278,80
4294967278,60
4294967278,517
4294967278,55
4294967278,516
4294967278,54
4294967278,515
4294967278,53
4294967278,52
4294967278,50
4294967278,49
4294967278,47
4294967278,316
4294967278,46
4294967278,45
4294967278,314
4294967278,44
4294967278,43
4294967278,42
4294967278,40
4294967278,309
4294967278,39
4294967278,34
4294967278,18
4294967278,14
4294967278,13
4294967278,9
4294967278,174
4294967278,0
4294967278,260
4294967278,277
4294967278,4
4294967279,399
4294967279,225
4294967279,107
4294967279,102
4294967279,395
4294967279,91
4294967279,90
4294967279,89
4294967279,87
4294967279,346
4294967279,85
4294967279,84
4294967279,82
4294967279,81
4294967279,80
4294967279,79
4294967279,78
4294967279,77
4294967279,75
4294967279,74
4294967279,65
4294967279,60
4294967279,317
4294967279,55
4294967279,316
4294967279,54
4294967279,403
4294967279,315
4294967279,53
4294967279,402
4294967279,314
4294967279,52
4294967279,51
4294967279,50
4294967279,49
4294967279,48
4294967279,47
4294967279,308
4294967279,46
4294967279,45
4294967279,44
4294967279,43
4294967279,41
4294967279,303
4294967279,40
4294967279,39
4294967279,38
4294967279,37
4294967279,36
4294967279,298
4294967279,35
4294967279,34
4294967279,33
4294967279,32
4294967279,31
4294967279,397
4294967279,30
4294967279,29
4294967279,28
4294967279,27
4294967279,26
4294967279,25
4294967279,24
4294967279,23
4294967279,22
4294967279,21
4294967279,20
4294967279,19
4294967279,18
4294967279,17
4294967279,16
4294967279,15
4294967279,14
4294967279,13
4294967279,174
4294967279,2
4294967279,0
0,5
4294967294,5
4294967294,22
4294967294,223
4294967294,1029
4294967294,92
4294967294,88
4294967294,39
4294967294,161
4294967294,475
4294967294,215
4294967294,211
4294967294,417
4294967294,104
4294967294,106
4294967294,473
4294967294,1419
4294967294,208
4294967294,470
4294967294,12
4294967294,68
4294967294,471
4294967294,11
4294967294,81
4294967294,17
4294967294,42
4294967294,76
4294967294,41
4294967294,115
4294967294,387
4294967294,216
4294967294,83
4294967294,67
4294967294,1436
4294967294,1101
4294967294,219
4294967294,82
4294967294,84
4294967294,99
4294967294,1678
4294967294,1422
4294967294,24
4294967294,1658
4294967294,107
4294967279,398
4294967278,514
4294967278,315
4294967279,157
4294967278,304
4294967278,272
4294967278,290
4294967279,396
4294967294,46
4294967294,1672
4294967294,1052
4294967294,1030
4294967294,1571
4294967294,43
4294967294,1431
4294967294,936
4294967294,935
4294967294,1441
4294967294,932
4294967294,931
4294967294,929
4294967294,1096
4294967294,928
4294967294,927
4294967294,926
4294967294,924
4294967294,922
4294967294,920
4294967294,918
4294967294,917
4294967294,916
4294967294,913
4294967294,912
4294967294,911
4294967294,910
4294967294,909
4294967294,905
4294967294,902
4294967294,901
4294967294,900
4294967294,897
4294967294,178
4294967294,894
4294967294,893
4294967294,890
4294967294,889
4294967294,887
4294967294,883
4294967294,881
4294967294,878
4294967294,877
4294967294,875
4294967294,874
4294967294,870
4294967294,930
4294967294,867
4294967294,866
4294967294,477
4294967294,862
4294967294,478
4294967294,859
4294967294,858
4294967294,1437
4294967294,852
4294967294,851
4294967294,661
4294967294,849
4294967294,846
4294967294,844
4294967294,841
4294967294,840
4294967294,2
4294967294,501
4294967294,838
4294967294,837
4294967294,834
4294967294,833
4294967294,832
4294967294,831
4294967294,829
4294967294,828
4294967294,826
4294967294,825
4294967294,823
4294967294,822
4294967294,1080
4294967294,821
4294967294,820
4294967294,819
4294967294,818
4294967294,817
4294967294,815
4294967294,813
4294967294,812
4294967294,1
4294967294,1053
4294967294,810
4294967294,808
4294967294,807
4294967294,805
4294967294,1674
4294967294,799
4294967294,796
4294967294,795
4294967294,28
4294967294,793
4294967294,792
4294967294,789
4294967294,786
4294967294,785
4294967294,783
4294967294,782
4294967294,656
4294967294,780
4294967294,29
4294967294,777
4294967294,776
4294967294,27
4294967294,775
4294967294,25
4294967294,1676
4294967294,771
4294967294,770
4294967294,26
4294967294,767
4294967294,766
4294967294,765
4294967294,764
4294967294,762
4294967294,760
4294967294,758
4294967294,757
4294967294,756
4294967294,755
4294967294,752
4294967294,751
4294967294,750
4294967294,749
4294967294,748
4294967294,747
4294967294,745
4294967294,743
4294967294,742
4294967294,740
4294967294,738
4294967294,737
4294967294,736
4294967294,735
4294967294,734
4294967294,733
4294967294,732
4294967294,726
4294967294,724
4294967294,723
4294967294,722
4294967294,721
4294967294,719
4294967294,718
4294967294,715
4294967294,714
4294967294,713
4294967294,712
4294967294,710
4294967294,709
4294967294,644
4294967294,707
4294967294,706
4294967294,705
4294967294,639
4294967294,637
4294967294,636
4294967294,633
4294967294,632
4294967294,646
4294967294,630
4294967294,629
4294967294,628
4294967294,626
4294967294,624
4294967294,623
4294967294,622
4294967294,621
4294967294,619
4294967294,613
4294967294,612
4294967294,610
4294967294,609
4294967294,607
4294967294,605
4294967294,604
4294967294,603
4294967294,602
4294967294,599
4294967294,598
4294967294,596
4294967294,594
4294967294,1667
4294967294,591
4294967294,590
4294967294,587
4294967294,586
4294967294,584
4294967294,581
4294967294,580
4294967294,578
4294967294,577
4294967294,569
4294967294,567
4294967294,561
4294967294,559
4294967294,1123
4294967294,556
4294967294,667
4294967294,551
4294967294,550
4294967294,549
4294967294,655
4294967294,641
4294967294,562
4294967294,548
4294967294,1141
4294967294,547
4294967294,546
4294967294,545
4294967294,1670
4294967294,652
4294967294,544
4294967294,645
4294967294,543
4294967294,665
4294967294,542
4294967294,541
4294967294,540
4294967294,539
4294967294,659
4294967294,650
4294967294,642
4294967294,662
4294967294,538
4294967294,814
4294967294,575
4294967294,811
4294967294,648
4294967294,430
4294967294,1602
4294967294,1081
1,3
1,0
4294967294,1416
4294967294,167
4294967294,1669
4294967294,1560
4294967294,513
4294967294,52
4294967278,335
4294967278,295
4294967278,292
4294967278,336
4294967278,281
4294967278,337
4294967294,1438
4294967294,1459
4294967294,1558
4294967294,1557
4294967294,143
4294967294,1556
4294967294,1614
4294967294,1664
4294967294,1665
4294967294,1555
4294967294,1554
4294967294,1553
4294967294,1552
4294967294,1666
4294967294,1551
4294967294,140
4294967294,1135
4294967294,1609
4294967294,1548
4294967294,1663
4294967294,1547
4294967294,1546
4294967294,419
4294967294,1618
4294967294,221
4294967294,520
4294967294,1604
4294967294,1615
4294967294,1616
4294967294,1612
4294967294,444
4294967294,1544
4294967294,446
4294967294,1543
4294967294,1470
4294967294,455
4294967294,1462
4294967294,1611
4294967294,537
4294967294,1540
4294967294,0
4294967294,1458
4294967294,1539
4294967294,1600
4294967294,515
4294967294,1537
4294967294,1536
4294967294,454
4294967294,1471
4294967294,409
4294967294,427
4294967294,392
4294967294,145
4294967294,1466
4294967294,1468
4294967294,1465
4294967294,432
4294967294,393
4294967294,1457
4294967294,1451
4294967294,1450
4294967294,1428
4294967294,7
4294967294,6
4294967294,8
4294967294,9
4294967294,3
4294967294,1475
4294967294,1474
4294967294,1473
4294967294,1472
4294967294,383
4294967294,381
4294967294,382
4294967294,380
4294967294,379
4294967294,378
4294967294,377
4294967294,376
4294967294,375
4294967294,374
4294967294,373
4294967294,372
4294967294,371
4294967279,394
4294967278,334
4294967279,393
4294967279,392
4294967294,1417
4294967294,452
4294967294,453
4294967294,414
4294967294,1671
4294967294,448
4294967294,391
4294967294,422
4294967294,424
4294967294,398
4294967294,404
4294967294,397
4294967294,406
4294967294,400
4294967294,415
4294967294,416
4294967294,450
4294967294,412
4294967294,191
4294967294,181
4294967294,184
4294967294,180
4294967294,674
4294967294,175
4294967294,401
4294967294,169
4294967294,1415
4294967294,188
4294967294,185
4294967294,177
4294967294,182
4294967294,205
4294967294,206
4294967294,203
4294967294,202
